184
50
144
126
74
64
142
50
34
182
162
164
30
138
70
26
82
134
114
32
144
4
174
138
170
16
110
38
2
122
14
112
154
110
196
98
138
192
12
186
120
162
142
80
16
20
166
152
8
4
20
190
12
76
198
4
42
20
90
66
36
30
156
28
36
78
114
144
6
146
162
140
94
58
66
70
18
64
174
182
188
166
142
86
24
52
142
98
180
186
54
40
108
196
130
190
42
76
86
144
94
2
86
42
16
140
126
122
112
124
8
120
176
58
90
164
178
102
124
40
44
114
148
110
162
194
152
42
162
36
62
76
28
180
48
36
168
176
112
18
50
100
100
116
22
92
124
96
160
110
24
138
74
80
92
58
130
152
148
162
156
128
24
140
66
8
26
46
12
90
150
96
26
130
72
160
50
60
182
154
148
118
34
182
6
16
138
142
12
38
116
118
148
46
116
134
22
16
32
10
24
126
178
70
184
166
92
76
8
40
52
12
48
120
118
136
152
114
192
132
98
104
54
10
34
186
94
180
92
80
12
192
76
158
172
182
130
132
46
160
178
