<<<<<<< HEAD
92
25
72
63
37
32
71
25
17
91
81
82
15
69
35
13
41
67
57
16
72
2
87
69
85
8
55
19
1
61
7
56
77
55
98
49
69
96
6
93
60
81
71
40
8
10
83
76
4
2
10
95
6
38
99
2
21
10
45
33
18
15
78
14
18
39
57
72
3
73
81
70
47
29
33
35
9
32
87
91
94
83
71
43
12
26
71
49
90
93
27
20
54
98
65
95
21
38
43
72
47
1
43
21
8
70
63
61
56
62
4
60
88
29
45
82
89
51
62
20
=======
22
57
74
55
81
97
76
21
81
18
31
38
14
90
24
18
84
88
56
9
25
50
50
58
11
46
62
48
80
55
12
69
37
40
46
29
65
76
74
81
78
64
12
70
33
4
13
23
6
45
75
48
13
65
36
80
25
30
91
77
74
59
17
91
3
8
69
71
6
19
58
59
74
23
58
67
11
8
16
5
12
63
89
35
92
83
46
38
4
20
26
6
24
60
59
68
76
57
96
66
49
52
27
5
17
93
47
90
46
40
6
96
38
79
86
91
65
66
23
80
89
>>>>>>> c14fd3142b1549b5e978f2e219992f6f80731ff8
