40
1
18
14
24
20
8
22
45
10
17
21
46
3
22
33
24
5
11
27
32
11
14
34
45
46
25
8
21
28
32
6
29
15
35
48
46
11
14
23
44
28
21
1
10
30
9
25
8
7
21
17
42
40
22
23
24
19
48
23
48
29
48
27
20
34
14
5
25
43
3
5
37
47
33
30
16
33
19
10
37
27
13
35
9
29
7
13
21
41
46
21
36
15
8
49
49
40
21
15
24
33
15
11
33
47
47
39
46
1
26
22
3
2
12
47
31
1
26
20
42
39
19
11
44
15
40
27
21
49
14
49
33
24
11
48
7
7
8
39
36
43
30
2
36
6
18
2
24
36
8
14
11
19
30
11
20
23
1
42
13
14
38
24
18
24
1
8
28
33
2
1
36
25
20
9
46
21
7
46
8
41
13
22
27
13
18
20
49
34
17
37
19
16
4
4
29
46
34
4
